   0.0000000e+00             NaN
   1.0000000e-01   3.7323744e-01
   2.0000000e-01   4.5963619e-01
   3.0000000e-01   4.9479575e-01
   4.0000000e-01   4.9992255e-01
   5.0000000e-01   4.8134465e-01
   6.0000000e-01   4.3233985e-01
   7.0000000e-01   3.8172705e-01
   8.0000000e-01   3.2689059e-01
   9.0000000e-01   2.3060801e-01
   1.0000000e+00   1.7750672e-01
   1.1000000e+00   8.1982582e-02
   1.2000000e+00  -3.6072442e-03
   1.3000000e+00  -1.1513632e-01
   1.4000000e+00  -2.0393346e-01
   1.5000000e+00  -2.9198160e-01
   1.6000000e+00  -3.7076191e-01
   1.7000000e+00  -4.8934698e-01
   1.8000000e+00  -5.9095134e-01
   1.9000000e+00  -6.9233291e-01
   2.0000000e+00  -7.9966361e-01
   2.1000000e+00  -9.2450212e-01
   2.2000000e+00  -1.0345276e+00
   2.3000000e+00  -1.1466063e+00
   2.4000000e+00  -1.2445771e+00
   2.5000000e+00  -1.3644598e+00
   2.6000000e+00  -1.4688426e+00
   2.7000000e+00  -1.5830622e+00
   2.8000000e+00  -1.7085863e+00
   2.9000000e+00  -1.8258563e+00
   3.0000000e+00  -1.9512198e+00
   3.1000000e+00  -2.0598089e+00
   3.2000000e+00  -2.1841592e+00
   3.3000000e+00  -2.3208036e+00
   3.4000000e+00  -2.4290086e+00
   3.5000000e+00  -2.5386084e+00
   3.6000000e+00  -2.6626608e+00
   3.7000000e+00  -2.8062389e+00
   3.8000000e+00  -2.9242722e+00
   3.9000000e+00  -3.0497160e+00
   4.0000000e+00  -3.1761882e+00
   4.1000000e+00  -3.2881961e+00
   4.2000000e+00  -3.4260028e+00
   4.3000000e+00  -3.5490735e+00
   4.4000000e+00  -3.6853496e+00
   4.5000000e+00  -3.8230048e+00
   4.6000000e+00  -3.9432918e+00
   4.7000000e+00  -4.0784774e+00
   4.8000000e+00  -4.2034503e+00
   4.9000000e+00  -4.3375712e+00
   5.0000000e+00  -4.4674648e+00
   5.1000000e+00  -4.6106467e+00
   5.2000000e+00  -4.7418073e+00
   5.3000000e+00  -4.8965862e+00
   5.4000000e+00  -5.0134786e+00
   5.5000000e+00  -5.1551636e+00
   5.6000000e+00  -5.3086134e+00
   5.7000000e+00  -5.4456576e+00
   5.8000000e+00  -5.5746346e+00
   5.9000000e+00  -5.7198678e+00
   6.0000000e+00  -5.8725880e+00
   6.1000000e+00  -6.0135391e+00
   6.2000000e+00  -6.1422738e+00
   6.3000000e+00  -6.2929798e+00
   6.4000000e+00  -6.4407626e+00
   6.5000000e+00  -6.5742477e+00
   6.6000000e+00  -6.7436164e+00
   6.7000000e+00  -6.8837207e+00
   6.8000000e+00  -7.0409317e+00
   6.9000000e+00  -7.1705578e+00
   7.0000000e+00  -7.3267966e+00
   7.1000000e+00  -7.4569040e+00
   7.2000000e+00  -7.6215530e+00
   7.3000000e+00  -7.7418418e+00
   7.4000000e+00  -7.9082865e+00
   7.5000000e+00  -8.0515312e+00
   7.6000000e+00  -8.2145884e+00
   7.7000000e+00  -8.3874831e+00
   7.8000000e+00  -8.5231592e+00
   7.9000000e+00  -8.6782065e+00
   8.0000000e+00  -8.8200666e+00
   8.1000000e+00  -8.9586544e+00
   8.2000000e+00  -9.1306323e+00
   8.3000000e+00  -9.2862398e+00
   8.4000000e+00  -9.4330126e+00
   8.5000000e+00  -9.5944543e+00
   8.6000000e+00  -9.7407431e+00
   8.7000000e+00  -9.9174884e+00
   8.8000000e+00  -1.0052521e+01
   8.9000000e+00  -1.0227118e+01
   9.0000000e+00  -1.0378558e+01
   9.1000000e+00  -1.0554042e+01
   9.2000000e+00  -1.0701348e+01
   9.3000000e+00  -1.0864820e+01
   9.4000000e+00  -1.1015454e+01
   9.5000000e+00  -1.1181391e+01
   9.6000000e+00  -1.1342716e+01
   9.7000000e+00  -1.1518457e+01
   9.8000000e+00  -1.1668322e+01
   9.9000000e+00  -1.1832777e+01
   1.0000000e+01  -1.2005659e+01
