   0.0000000e+00  -2.9822397e-01
   1.0000000e-01  -2.3924271e-01
   2.0000000e-01  -2.2843297e-01
   3.0000000e-01  -1.8288327e-01
   4.0000000e-01  -1.4887237e-01
   5.0000000e-01  -9.9736351e-02
   6.0000000e-01  -6.1961091e-02
   7.0000000e-01  -2.7627664e-02
   8.0000000e-01  -8.4204287e-03
   9.0000000e-01   4.9169676e-02
   1.0000000e+00   5.7108792e-02
   1.1000000e+00   1.1041531e-01
   1.2000000e+00   1.3102662e-01
   1.3000000e+00   1.5435726e-01
   1.4000000e+00   1.7366534e-01
   1.5000000e+00   1.8944795e-01
   1.6000000e+00   2.1785984e-01
   1.7000000e+00   2.4328768e-01
   1.8000000e+00   2.6291847e-01
   1.9000000e+00   2.7154550e-01
   2.0000000e+00   2.9147287e-01
   2.1000000e+00   2.9570197e-01
   2.2000000e+00   3.1889740e-01
   2.3000000e+00   2.9097661e-01
   2.4000000e+00   3.3005288e-01
   2.5000000e+00   3.2030291e-01
   2.6000000e+00   3.1889729e-01
   2.7000000e+00   3.3629204e-01
   2.8000000e+00   3.2879713e-01
   2.9000000e+00   3.3212230e-01
   3.0000000e+00   3.3749592e-01
   3.1000000e+00   3.2745740e-01
   3.2000000e+00   3.1718420e-01
   3.3000000e+00   3.2187339e-01
   3.4000000e+00   3.2066666e-01
   3.5000000e+00   3.3756193e-01
   3.6000000e+00   3.4706620e-01
   3.7000000e+00   3.2965743e-01
   3.8000000e+00   3.2382185e-01
   3.9000000e+00   3.3882943e-01
   4.0000000e+00   3.6800647e-01
   4.1000000e+00   3.5669074e-01
   4.2000000e+00   3.5699676e-01
   4.3000000e+00   3.7797887e-01
   4.4000000e+00   3.9161891e-01
   4.5000000e+00   4.0629129e-01
   4.6000000e+00   4.2624187e-01
   4.7000000e+00   4.3697532e-01
   4.8000000e+00   4.8219996e-01
   4.9000000e+00   4.7728000e-01
   5.0000000e+00   5.1337472e-01
   5.1000000e+00   5.2422477e-01
   5.2000000e+00   5.6194177e-01
   5.3000000e+00   5.8678072e-01
   5.4000000e+00   6.1593521e-01
   5.5000000e+00   6.7612099e-01
   5.6000000e+00   6.8291297e-01
   5.7000000e+00   7.3962987e-01
   5.8000000e+00   7.5374025e-01
   5.9000000e+00   7.9718990e-01
   6.0000000e+00   8.5086678e-01
   6.1000000e+00   8.9119006e-01
   6.2000000e+00   9.1246547e-01
   6.3000000e+00   9.8884954e-01
   6.4000000e+00   9.9681738e-01
   6.5000000e+00   1.0402367e+00
   6.6000000e+00   1.0922846e+00
   6.7000000e+00   1.1204674e+00
   6.8000000e+00   1.1664599e+00
   6.9000000e+00   1.1964885e+00
   7.0000000e+00   1.2256294e+00
   7.1000000e+00   1.2668133e+00
   7.2000000e+00   1.3136871e+00
   7.3000000e+00   1.3460934e+00
   7.4000000e+00   1.3651992e+00
   7.5000000e+00   1.3984574e+00
   7.6000000e+00   1.4363732e+00
   7.7000000e+00   1.4293411e+00
   7.8000000e+00   1.4653900e+00
   7.9000000e+00   1.4740028e+00
   8.0000000e+00   1.5010268e+00
   8.1000000e+00   1.5474905e+00
   8.2000000e+00   1.5230019e+00
   8.3000000e+00   1.5370901e+00
   8.4000000e+00   1.5560740e+00
   8.5000000e+00   1.5529802e+00
   8.6000000e+00   1.5764048e+00
   8.7000000e+00   1.5697164e+00
   8.8000000e+00   1.5909668e+00
   8.9000000e+00   1.6006600e+00
   9.0000000e+00   1.5984818e+00
   9.1000000e+00   1.5742960e+00
   9.2000000e+00   1.5847779e+00
   9.3000000e+00   1.5843517e+00
   9.4000000e+00   1.5876367e+00
   9.5000000e+00   1.5920784e+00
   9.6000000e+00   1.5738495e+00
   9.7000000e+00   1.5923217e+00
   9.8000000e+00   1.5678626e+00
   9.9000000e+00   1.5865458e+00
   1.0000000e+01   1.5903085e+00
