   0.0000000e+00  -1.2821126e-03
   1.0000000e-01   2.6718194e-02
   2.0000000e-01   7.6949062e-02
   3.0000000e-01   1.6030272e-01
   4.0000000e-01   2.3026171e-01
   5.0000000e-01   3.3148095e-01
   6.0000000e-01   4.1187512e-01
   7.0000000e-01   5.1456347e-01
   8.0000000e-01   5.9183190e-01
   9.0000000e-01   6.8330566e-01
   1.0000000e+00   7.6421684e-01
   1.1000000e+00   8.3771749e-01
   1.2000000e+00   9.1892580e-01
   1.3000000e+00   9.7899529e-01
   1.4000000e+00   1.0511953e+00
   1.5000000e+00   1.1100173e+00
   1.6000000e+00   1.1673716e+00
   1.7000000e+00   1.2194582e+00
   1.8000000e+00   1.2697314e+00
   1.9000000e+00   1.3169856e+00
   2.0000000e+00   1.3620405e+00
   2.1000000e+00   1.4097256e+00
   2.2000000e+00   1.4449682e+00
   2.3000000e+00   1.4834704e+00
   2.4000000e+00   1.5198242e+00
   2.5000000e+00   1.5602306e+00
   2.6000000e+00   1.5922894e+00
   2.7000000e+00   1.6244573e+00
   2.8000000e+00   1.6575962e+00
   2.9000000e+00   1.6984216e+00
   3.0000000e+00   1.7273869e+00
   3.1000000e+00   1.7551441e+00
   3.2000000e+00   1.7757161e+00
   3.3000000e+00   1.8092227e+00
   3.4000000e+00   1.8359014e+00
   3.5000000e+00   1.8635779e+00
   3.6000000e+00   1.8914324e+00
   3.7000000e+00   1.9152600e+00
   3.8000000e+00   1.9426262e+00
   3.9000000e+00   1.9721092e+00
   4.0000000e+00   2.0072852e+00
   4.1000000e+00   2.0286533e+00
   4.2000000e+00   2.0496334e+00
   4.3000000e+00   2.0744649e+00
   4.4000000e+00   2.1007035e+00
   4.5000000e+00   2.1184908e+00
   4.6000000e+00   2.1405473e+00
   4.7000000e+00   2.1706352e+00
   4.8000000e+00   2.1848722e+00
   4.9000000e+00   2.2154387e+00
   5.0000000e+00   2.2318027e+00
   5.1000000e+00   2.2534098e+00
   5.2000000e+00   2.2915509e+00
   5.3000000e+00   2.3063344e+00
   5.4000000e+00   2.3286402e+00
   5.5000000e+00   2.3501488e+00
   5.6000000e+00   2.3730528e+00
   5.7000000e+00   2.3858637e+00
   5.8000000e+00   2.4165476e+00
   5.9000000e+00   2.4281761e+00
   6.0000000e+00   2.4506734e+00
   6.1000000e+00   2.4714870e+00
   6.2000000e+00   2.4814361e+00
   6.3000000e+00   2.5102584e+00
   6.4000000e+00   2.5319523e+00
   6.5000000e+00   2.5446589e+00
   6.6000000e+00   2.5696573e+00
   6.7000000e+00   2.5929831e+00
   6.8000000e+00   2.6150446e+00
   6.9000000e+00   2.6266078e+00
   7.0000000e+00   2.6396262e+00
   7.1000000e+00   2.6707246e+00
   7.2000000e+00   2.6927388e+00
   7.3000000e+00   2.7061193e+00
   7.4000000e+00   2.7263375e+00
   7.5000000e+00   2.7401546e+00
   7.6000000e+00   2.7522591e+00
   7.7000000e+00   2.7708723e+00
   7.8000000e+00   2.7911381e+00
   7.9000000e+00   2.8135486e+00
   8.0000000e+00   2.8212404e+00
   8.1000000e+00   2.8489897e+00
   8.2000000e+00   2.8642239e+00
   8.3000000e+00   2.8808254e+00
   8.4000000e+00   2.8903453e+00
   8.5000000e+00   2.9124762e+00
   8.6000000e+00   2.9389709e+00
   8.7000000e+00   2.9472651e+00
   8.8000000e+00   2.9669649e+00
   8.9000000e+00   2.9821842e+00
   9.0000000e+00   3.0077009e+00
   9.1000000e+00   3.0203954e+00
   9.2000000e+00   3.0376792e+00
   9.3000000e+00   3.0551777e+00
   9.4000000e+00   3.0597189e+00
   9.5000000e+00   3.0886590e+00
   9.6000000e+00   3.0970309e+00
   9.7000000e+00   3.1149617e+00
   9.8000000e+00   3.1316435e+00
   9.9000000e+00   3.1543979e+00
   1.0000000e+01   3.1607142e+00
